1 0.358203 0.392188 0.0632813 0.040625
1 0.196094 0.55 0.135937 0.0671875
1 0.325781 0.402344 0.0859375 0.034375
1 0.31875 0.424219 0.0890625 0.0453125
1 0.610937 0.760547 0.278125 0.100781
1 0.221094 0.510938 0.151562 0.065625
1 0.616406 0.678516 0.246875 0.0757812
1 0.625 0.571875 0.175 0.059375
1 0.372266 0.367969 0.0726563 0.0359375
1 0.386328 0.347266 0.0867188 0.0445312
1 0.290625 0.451562 0.11875 0.053125
1 0.617578 0.530859 0.158594 0.0539063
1 0.617969 0.620313 0.2125 0.06875
1 0.143359 0.593359 0.169531 0.107031