1 0.737351 0.428571 0.094246 0.183862
1 0.483631 0.544478 0.149306 0.0968915
1 0.240451 0.366898 0.103423 0.0823413
1 0.251488 0.314484 0.09375 0.0681217
1 0.815104 0.480655 0.101438 0.166997
1 0.263021 0.264385 0.104911 0.0816799
1 0.895833 0.529431 0.113095 0.187831
1 0.210441 0.484788 0.112847 0.0813492
1 0.222346 0.419478 0.132192 0.0902778
1 0.190352 0.551091 0.115823 0.0882936
1 0.472966 0.730324 0.16369 0.118717
1 0.0854415 0.924934 0.170883 0.138228
1 0.162078 0.629299 0.136161 0.0945767
1 0.137525 0.71379 0.145585 0.119378
1 0.47247 0.844246 0.190972 0.12963
