1 0.983594 0.287891 0.03125 0.0648438
1 0.370703 0.201953 0.107031 0.0289063
1 0.624609 0.210156 0.125781 0.0359375
1 0.326172 0.325781 0.152344 0.0390625
1 0.383984 0.167578 0.107031 0.0242187
1 0.20625 0.876953 0.151562 0.225781
1 0.629687 0.225 0.123438 0.03125
1 0.964844 0.257422 0.0703125 0.0476562
1 0.294531 0.432422 0.207813 0.0617188
1 0.637109 0.249219 0.132031 0.034375
1 0.355469 0.225391 0.126563 0.0304688
1 0.378125 0.189453 0.101562 0.0320312
1 0.628516 0.155859 0.0632813 0.0414063
1 0.955078 0.236328 0.0898438 0.0476562
1 0.344922 0.270312 0.146094 0.040625
1 0.543359 0.867578 0.167969 0.249219
1 0.291016 0.483984 0.217969 0.0757812
1 0.713281 0.488281 0.201562 0.065625
1 0.665234 0.327734 0.166406 0.0492188
1 0.334766 0.296875 0.160156 0.04375
1 0.303906 0.393359 0.184375 0.0539063
1 0.266016 0.545313 0.228906 0.0734375
1 0.733984 0.546875 0.222656 0.08125
1 0.461719 0.152344 0.0484375 0.0453125
1 0.510938 0.153125 0.053125 0.04375
1 0.316797 0.35625 0.172656 0.05
1 0.349609 0.246094 0.141406 0.0359375
1 0.682422 0.395703 0.185156 0.0617188
1 0.645312 0.272266 0.134375 0.0382813
1 0.564062 0.153906 0.05625 0.04375
1 0.377734 0.861328 0.174219 0.258594
1 0.700781 0.862891 0.170312 0.264844
1 0.696094 0.439844 0.190625 0.0640625
1 0.657422 0.300781 0.157031 0.04375
1 0.676562 0.360938 0.170312 0.0515625
