1 0.94957 0.554563 0.0386905 0.0272817
1 0.640377 0.203001 0.0340608 0.0255456
1 0.285384 0.324653 0.124339 0.0327381
1 0.595734 0.22309 0.0353836 0.0255456
1 0.283399 0.360119 0.138228 0.0396825
1 0.287533 0.343626 0.131944 0.0384425
1 0.980324 0.574901 0.0393519 0.0426587
1 0.282242 0.384921 0.140542 0.0411706
1 0.278439 0.40501 0.150132 0.0401786
1 0.274636 0.494048 0.184854 0.0515873
1 0.275463 0.459573 0.167989 0.0426587
1 0.275298 0.430804 0.157077 0.0396825
1 0.265542 0.59127 0.210979 0.0639881
1 0.270999 0.540551 0.198082 0.0548115
1 0.263558 0.656126 0.226852 0.0806052
1 0.694114 0.680308 0.193783 0.0793651
1 0.775298 0.836558 0.235119 0.103671
1 0.734954 0.756076 0.220569 0.0835814
1 0.824405 0.93192 0.261905 0.120784
