2 0.351562 0.384766 0.0828125 0.0476562
2 0.39375 0.325391 0.084375 0.0398437
2 0.359375 0.369531 0.096875 0.0453125
2 0.609375 0.534766 0.14375 0.0789063
2 0.325 0.397266 0.084375 0.0460938
2 0.383594 0.345703 0.0875 0.0398437
2 0.617969 0.621875 0.210938 0.0859375
2 0.614844 0.678516 0.228125 0.0898438
2 0.222266 0.498828 0.150781 0.0960938
2 0.285156 0.448438 0.132812 0.065625
2 0.306641 0.421094 0.111719 0.0515625
2 0.611719 0.750781 0.260938 0.117188
2 0.640234 0.964844 0.278906 0.06875
2 0.626562 0.568359 0.164062 0.0679687
2 0.588672 0.876172 0.317969 0.194531
2 0.146875 0.583594 0.178125 0.110937
2 0.194141 0.545703 0.147656 0.0914062
