1 0.730469 0.442969 0.107813 0.146875
1 0.2875 0.147656 0.090625 0.0734375
1 0.276953 0.185547 0.0929687 0.0789063
1 0.899609 0.530078 0.117969 0.180469
1 0.815625 0.481641 0.1 0.139844
1 0.264062 0.267188 0.0984375 0.0671875
1 0.238281 0.363672 0.117188 0.0726563
1 0.250391 0.313672 0.113281 0.0679687
1 0.191797 0.551172 0.122656 0.0898438
1 0.220703 0.416797 0.138281 0.0882813
1 0.162891 0.628516 0.150781 0.0945313
1 0.138672 0.715234 0.160156 0.113281
1 0.48125 0.544922 0.146875 0.0992187
1 0.207422 0.482031 0.128906 0.0828125
1 0.117969 0.816797 0.153125 0.114844
1 0.475391 0.846484 0.189844 0.136719
1 0.0847656 0.925 0.167969 0.132812
1 0.476172 0.729688 0.171094 0.123438
1 0.477344 0.631641 0.164062 0.110156
