1 0.289453 0.148438 0.0851562 0.0671875
1 0.280078 0.185547 0.0882813 0.0835937
1 0.729688 0.442578 0.107813 0.147656
1 0.901172 0.528906 0.121094 0.179688
1 0.816016 0.484766 0.0992187 0.136719
1 0.263672 0.266406 0.0992187 0.0671875
1 0.250391 0.312891 0.110156 0.0632813
1 0.237891 0.362109 0.116406 0.0679687
1 0.482422 0.542969 0.144531 0.101562
1 0.476562 0.847266 0.190625 0.136719
1 0.139062 0.715234 0.15625 0.111719
1 0.192188 0.551172 0.117188 0.0867188
1 0.220313 0.416797 0.139062 0.0851562
1 0.163672 0.627344 0.147656 0.090625
1 0.0839844 0.924609 0.167969 0.130469
1 0.207813 0.481641 0.126563 0.0789063
1 0.11875 0.816406 0.148438 0.114063
1 0.476172 0.728906 0.169531 0.11875
1 0.477344 0.632422 0.160938 0.107031
